proj:       0
zone:       0
north:      11
south:      10
east:       -84
west:       -85
cols:       14
rows:       14
e-w resol:  0.07142857
n-s resol:  0.07142857
top:        1.000000000000000
bottom:     0.000000000000000
cols3:      14
rows3:      14
depths:     1
e-w resol3: 0.07142857
n-s resol3: 0.07142857
t-b resol:  1
