proj:       0
zone:       0
north:      11
south:      10
east:       -84
west:       -85
cols:       14
rows:       14
e-w resol:  0.07142857
n-s resol:  0.07142857
format:     0
compressed: 1
